1
2
7
8
11
12
13
14
17
18
19
20
23
24
25
26
29
30
31
32
35
36
37
38
42
43
44
48
51
52
57
58
63
64
69
70
75
76
81
82
87
88
93
97
98
101
102
104
107
108
109
110
113
114
115
116
120
121
122
125
127
128
131
132
133
137
138
139
144
147
148
154
160
166
171
172
177
184
189
193
194
197
198
199
200
203
204
205
209
211
215
216
221
223
227
228
229
233
234
235
239
240
243
244
249
250
255
256
261
262
267
268
274
279
286
289
290
292
294
300
303
310
312
314
315
316
318
322
325
326
327
328
331
332
333
334
335
337
345
346
357
358
361
362
363
367
368
371
377
378
381
382
385
386
387
388
391
392
395
399
402
405
409
412
416
424
435
439
440
443
449
455
456
457
458
460
461
462
467
468
473
474
476
477
481
482
483
484
487
491
492
497
498
504
505
506
513
514
517
518
522
527
531
532
533
534
535
536
537
539
540
545
546
547
548
551
555
557
560
562
563
567
568
569
572
575
577
578
586
587
590
598
599
600
601
603
608
609
614
615
618
621
622
628
629
632
633
634
639
644
645
646
652
655
656
660
1022
1023
1026
1027
1030
1031
1032
1033
1035
1037
1038
1039
1042
1043
1044
1045
1046
1047
1048
1049
1050
1052
1054
1055
1056
1059
1101
1102
1104
1105
1108
1109
1110
1112
1115
1116
1117
1118
1120
1162
1163
1164
1165
1167
1168
1169
1170
1171
1172
1174
1175
1178
1179
1180
1221
1222
1223
1224
1225
1226
1229
1230
1231
1232
1234
1235
1236
1237
1238
1241
1242
1243
1244
1245
1246
1247
1248
1249
1250
1251
1252
1254
1256
1257
1258
1260
1261
1262
1263
1264
1265
1267
1269
1270
1271
1273
1274
1275
1276
1277
1278
1279
1301
1302
1303
1305
1306
1307
1308
1309
1310
1311
1312
1313
1314
1315
1316
1317
1318
1319
1341
1342
1343
1344
1345
1346
1347
1348
1349
1351
1352
1354
1355
1356
1359
1360
1373
1374
1375
1379
1381
1382
1386
1387
1389
1390
1391
1393
1394
1395
1397
1398
1399
1400
1401
1402
1427
1428
1429
1431
1433
1434
1435
1438
1439
1440
1441
1474
1476
1477
1483
1484
1485
1486
1514
1515
1516
1517
1518
1522
1524
1526
1527
1528
1529
1530
1531
1532
1533
1534
1535
1536
1537
1538
1539
1540
1541
1542
1543
1544
1545
1546
1547
1548
1564
1565
1567
1569
1572
1573
1574
1591
1592
1595
1596
1597
1600
1602
1603
1605
1606
1607
1608
1613
1614
1615
1616
1617
1618
1619
1625
1627
1628
