3
4
9
10
15
16
21
22
27
33
34
39
40
45
49
50
53
54
55
56
59
60
61
65
66
67
68
73
74
77
79
80
83
84
86
89
90
91
92
95
96
105
106
111
112
118
123
124
129
136
142
145
146
149
150
152
155
156
157
158
161
162
163
164
167
168
170
173
174
175
176
182
185
186
191
192
195
196
201
202
207
208
219
220
225
226
231
238
242
246
247
248
251
252
253
254
257
260
263
264
265
266
269
275
276
277
278
281
282
283
291
293
295
297
298
299
301
304
307
309
311
313
317
319
320
321
323
324
330
336
338
339
341
342
343
344
349
350
351
352
354
356
359
360
365
366
369
370
373
374
375
379
383
384
389
390
393
397
398
400
401
407
408
413
414
417
418
421
422
423
425
426
438
441
445
447
448
451
452
453
454
463
465
466
471
472
475
478
479
480
485
486
489
490
493
494
499
500
501
502
503
509
510
511
521
523
524
525
526
541
542
544
549
554
558
570
573
574
576
579
580
581
582
584
585
588
592
593
596
605
610
611
612
613
616
617
623
624
625
626
627
630
631
636
637
643
647
649
650
653
654
658
661
1003
1004
1006
1007
1008
1009
1010
1011
1012
1013
1014
1015
1016
1017
1019
1020
1061
1062
1063
1064
1065
1066
1067
1069
1070
1071
1072
1073
1074
1075
1076
1078
1079
1080
1082
1083
1084
1085
1086
1087
1088
1089
1090
1091
1093
1095
1098
1099
1122
1123
1124
1125
1126
1129
1132
1135
1136
1138
1139
1141
1142
1143
1146
1147
1148
1150
1151
1152
1153
1156
1159
1160
1181
1182
1183
1185
1188
1189
1191
1192
1193
1194
1195
1196
1197
1200
1201
1202
1203
1204
1206
1207
1208
1209
1211
1213
1214
1216
1217
1219
1220
1281
1282
1283
1286
1287
1288
1290
1291
1293
1294
1296
1298
1299
1300
1321
1322
1323
1324
1325
1326
1327
1330
1332
1334
1336
1337
1361
1362
1364
1365
1366
1370
1371
1372
1403
1405
1406
1407
1410
1411
1412
1415
1416
1418
1419
1420
1421
1422
1423
1424
1425
1443
1444
1445
1446
1447
1448
1451
1452
1453
1454
1456
1459
1460
1461
1462
1463
1466
1467
1468
1469
1470
1471
1473
1487
1488
1489
1490
1491
1492
1493
1494
1495
1496
1498
1499
1500
1501
1503
1504
1505
1506
1507
1510
1511
1512
1550
1552
1555
1556
1558
1559
1560
1562
1575
1576
1577
1578
1579
1580
1581
1582
1584
1585
1586
1587
1588
1589
1590
1609
1610
1611
1612
1622
1624
